163
122
259
235
295
122
169
146
216
169
208
133
114
107
146
152
126
131
114
180
105
248
158
267
263
158
186
227
114
235
139
139
244
99
280
146
167
158
167
133
141
97
161
114
120
116
146
223
276
176
257
210
190
193
188
261
152
97
105
124
120
139
178
124
137
180
225
120
141
208
126
212
175
99
167
120
118
137
184
186
237
131
159
169
193
231
186
259
197
182
124
233
114
97
201
116
173
94
105
182
158
169
156
223
186
180
242
126
131
182
158
129
220
112
180
181
94
126
227
90
169
257
146
208
242
135
131
124
199
203
139
257
105
101
208
199
222
193
240
129
124
176
92
109
144
149
159
309
369
212
126
118
97
184
180
107
154
141
97
144
150
257
169
176
154
112
120
156
460
248
152
523
321
269
124
225
163
180
218
269
310
99
244
246
210
105
139
116
246
143
199
107
156
197
105
141
276
178
212
154
163
210
176
190
173
105
159
135
133
150
141
127
165
144
173
156
161
150
141
124
141
103
139
139
118
175
111
154
154
97
108
194
140
90
85
157
143
193
132
178
176
169
177
263
172
89
212
152
135
218
114
219
117
117
288
161
151
186
201
131
142
158
125
135
108
143
158
160
138
109
127
113
166
149
175
124
137
124
165
173
140
135
149
455
557
488
50
195
81
116
87
104
130
132
90
71
50
50
63
67
363
116
326
343
367
99
82
82
94
95
84
107
111
140
203
208
188
176
126
193
302
295
257
210
242
263
355
398
436
195
148
146
159
165
184
163
190
207
220
169
244
109
184
184
203
175
173
175
150
225
205
118
261
146
94
95
65
167
291
199
167
152
159
139
129
90
158
92
90
84
94
99
120
116
97
101
175
218
205
65
69
90
73
67
122
114
111
105
90
86
84
90
240
109
120
126
122
208
188
203
259
203
235
133
165
165
156
219
109
112
116
105
84
190
215
181
198
207
126
178
158
203
221
197
271
230
159
197
167
201
112
257
329
203
144
171
214
141
210
205
111
112
94
144
222
135
205
103
118
141
116
99
184
120
105
103
99
109
103
139
95
103
184
124
141
126
109
148
84
167
122
107
176
222
197
220
101
178
216
163
158
195
171
207
222
190
141
116
107
173
109
197
227
163
203
171
180
94
169
159
144
235
261
240
263
127
178
212
250
150
118
144
188
242
197
158
193
182
92
116
116
111
111
178
193
178
124
116
112
179
293
152
141
158
173
248
124
90
112
111
82
99
60
133
196
105
101
75
120
231
159
131
94
114
111
180
105
118
105
120
101
111
116
77
109
201
107
139
124
124
116
99
79
175
205
79
69
105
122
109
67
126
116
75
69
169
95
135
124
137
65
109
144
94
201
152
88
75
124
97
123
109
112
99
190
109
321
229
207
109
124
144
180
111
152
90
118
124
84
99
99
90
131
105
124
124
114
94
95
109
114
124
88
56
107
111
86
90
99
82
80
109
92
101
160
162
151
160
168
151
110
156
156
123
122
123
125
145
405
335
284
471
270
414
249
448
210
195
167
47
84
149
89
65
79
62
68
152
105
118
69
102
105
132
117
146
146
119
145
95
102
205
219
140
95
106
102
87
250
118
132
142
139
112
161
188
138
148
296
301
389
271
432
392
247
488
429
259
293
295
269
411
242
263
303
178
144
231
220
210
216
207
310
239
353
257
471
184
167
240
233
109
109
158
139
118
124
173
159
146
478
214
310
184
171
184
278
278
307
259
331
378
390
176
188
165
165
220
152
323
323
169
443
323
336
254
131
263
248
127
208
284
261
212
114
165
340
173
191
218
191
255
199
126
154
88
105
156
214
107
93
103
105
91
101
79
72
76
85
87
120
88
80
70
76
97
213
114
99
118
116
118
94
91
116
72
116
70
99
87
105
47
63
61
81
65
135
78
87
70
78
80
111
104
100
95
110
106
104
67
75
72
63
62
67
99
101
172
118
118
102
104
74
68
58
77
126
127
98
60
126
123
140
131
75
75
108
104
138
97
109
70
73
75
86
73
79
82
87
106
126
97
84
78
134
102
87
80
73
68
66
70
136
136
79
174
67
75
109
155
155
133
94
111
110
94
102
161
88
152
152
104
104
91
94
70
71
69
113
84
78
108
116
108
104
146
119
141
116
129
120
126
133
101
73
114
111
123
132
61
65
71
61
66
80
57
56
109
71
58
58
76
74
81
71
66
51
55
62
48
52
80
56
52
53
84
52
61
53
63
42
35
53
46
37
51
51
66
59
59
87
85
72
82
81
61
91
60
70
69
98
115
84
95
86
91
50
56
70
58
68
47
67
106
72
88
82
87
88
82
125
98
77
82
124
102
79
102
80
76
75
64
59
74
76
71
66
74
83
61
61
75
76
67
74
51
74
67
74
51
58
53
66
53
67
78
72
72
84
95
116
148
72
68
111
96
91
85
111
137
93
85
105
78
155
168
82
117
81
89
141
180
206
108
141
148
100
53
56
112
80
144
124
138
126
120
80
123
86
109
104
106
72
134
111
100
87
71
101
91
77
142
101
150
101
171
84
96
101
111
104
85
101
122
128
124
116
103
117
105
143
75
77
87
273
184
137
228
230
299
324
311
293
81
131
89
88
91
120
152
195
112
174
185
164
482
492
125
90
446
315
153
114
214
84
236
102
174
187
143
78
143
120
118
151
101
137
120
175
105
120
120
88
74
70
100
182
130
180
84
120
102
132
101
88
101
99
138
120
120
119
103
97
133
120
117
120
125
179
146
108
180
111
131
151
180
104
105
88
111
81
98
221
95
73
72
78
93
100
156
105
84
83
85
70
70
208
204
148
176
75
74
67
65
298
165
195
64
68
66
65
252
128
96
84
73
71
72
272
132
87
79
64
61
57
60
187
86
72
85
70
69
68
63
211
109
112
108
243
134
98
95
93
251
114
65
63
194
103
84
73
68
140
93
200
146
141
102
103
96
99
105
305
212
178
105
67
64
72
170
65
45
107
99
100
218
124
71
68
65
312
172
117
72
93
101
274
127
112
110
78
92
86
82
249
121
103
87
81
91
210
90
88
81
188
110
93
291
88
78
74
71
71
274
132
131
126
176
164
127
69
69
64
166
111
80
74
107
108
97
216
222
123
130
151
151
151
181
240
240
240
240
180
239
240
379
380
356
378
240
180
240
216
213
300
201
200
201
163
180
180
101
157
201
235
201
300
360
400
299
192
240
201
123
201
201
240
240
180
180
201
196
240
240
240
240
240
240
151
151
131
210
155
152
240
203
201
201
151
151
109
240
239
163
126
169
141
157
240
240
240
240
240
240
199
167
180
240
152
240
180
204
204
240
151
181
195
181
209
240
151
151
151
151
330
340
336
324
354
358
359
240
240
122
240
207
240
180
219
141
339
409
206
535
598
448
447
180
213
167
209
240
248
180
151
151
175
201
274
383
395
189
352
298
336
313
392
356
399
336
392
213
383
275
270
287
174
299
268
279
234
297
191
365
481
592
374
303
359
251
346
370
299
261
316
258
273
281
319
353
319
196
323
330
220
369
209
287
242
222
217
334
337
355
344
327
256
241
250
290
318
367
281
331
304
428
235
142
223
372
238
287
298
245
241
300
295
273
259
230
234
295
293
202
330
271
236
270
246
298
334
238
225
258
294
405
275
274
402
296
340
146
247
181
217
178
242
260
288
312
212
92
379
249
382
293
290
229
217
258
306
452
242
362
266
231
187
166
294
176
134
309
319
290
346
201
256
303
318
235
279
192
272
241
295
297
307
251
242
218
167
143
128
137
190
210
237
237
242
134
190
119
343
205
169
171
116
138
151
188
87
95
194
203
97
172
223
190
166
68
73
78
78
80
86
85
368
333
491
407
442
428
430
624
569
552
567
210
328
327
294
187
177
177
551
443
414
518
391
440
440
608
584
515
631
322
270
159
188
231
169
219
242
199
200
212
97
112
76
73
110
119
123
121
120
257
252
350
216
222
293
289
229
282
240
205
208
129
86
156
223
150
103
191
197
109
158
129
146
144
233
122
163
178
391
143
154
184
379
282
457
101
82
99
95
69
124
116
69
60
75
125
68
75
115
120
76
75
52
186
52
145
93
56
101
124
93
75
30
82
95
85
141
150
115
150
136
134
50
55
125
75
76
85
101
50
87
82
92
176
80
158
82
161
71
50
75
135
50
150
101
86
95
144
75
94
82
205
231
127
150
153
137
56
65
75
235
69
50
161
68
167
167
279
101
90
124
95
104
52
114
50
229
60
112
124
67
94
56
63
135
66
50
163
56
54
50
128
65
109
129
39
150
175
39
52
56
80
267
252
250
174
102
57
117
121
132
52
48
101
75
130
59
88
63
71
134
53
260
179
122
152
95
177
123
103
83
54
76
106
49
104
200
201
115
123
229
260
233
168
160
152
148
158
81
95
86
77
237
143
120
193
112
62
115
75
110
114
114
111
142
122
137
126
74
75
81
77
180
174
170
144
203
214
211
223
135
112
144
108
100
174
94
164
136
167
51
64
54
87
90
62
138
62
52
76
73
66
230
221
236
237
78
103
110
116
108
106
101
125
158
124
129
154
184
148
131
82
148
119
117
158
139
137
139
144
141
109
122
139
137
50
114
127
150
120
118
150
112
137
131
69
71
129
65
139
144
99
150
124
141
120
129
120
118
99
129
135
156
152
120
135
118
129
135
126
122
120
129
129
139
135
124
105
132
131
62
150
174
87
144
79
105
101
90
118
128
119
141
107
141
126
116
129
126
131
85
83
102
87
92
90
97
113
92
136
114
169
133
139
112
126
126
148
160
144
104
171
104
118
113
90
199
143
123
105
131
133
131
126
146
150
124
130
119
180
149
132
137
124
112
144
126
133
135
135
119
133
134
128
135
129
138
109
101
114
50
84
75
84
124
190
150
169
225
129
159
148
169
169
164
153
131
281
229
223
169
179
285
176
152
185
273
170
140
227
245
271
212
206
258
205
226
296
219
232
238
246
246
200
132
128
131
127
65
135
161
252
275
287
285
311
279
253
306
364
266
404
430
492
472
145
174
147
146
217
162
159
101
101
119
109
167
174
179
217
303
162
137
160
119
232
242
161
113
117
107
164
256
105
168
164
125
235
222
132
183
169
154
200
229
167
200
122
173
100
101
175
157
145
196
112
188
199
198
206
136
215
173
189
104
131
131
118
105
147
237
173
216
176
248
249
157
304
142
207
141
181
171
163
232
194
198
139
173
145
203
234
161
192
261
163
109
113
168
322
225
220
339
167
263
125
120
126
120
100
251
102
131
124
99
71
171
199
178
135
120
137
131
146
152
111
131
208
203
223
252
299
135
163
190
135
182
222
244
250
223
124
482
504
451
466
453
437
452
235
242
227
242
225
402
416
445
462
479
313
381
124
133
124
101
237
274
297
274
246
163
246
303
315
250
203
389
377
242
299
229
233
380
112
112
229
227
235
242
190
193
250
282
346
289
334
99
129
77
144
199
426
446
437
475
461
483
471
250
250
225
218
99
116
118
126
124
289
248
250
282
305
124
163
163
84
165
197
173
213
254
299
242
222
197
112
126
94
105
139
167
233
235
161
150
133
96
96
96
96
227
302
97
261
176
179
184
187
192
183
192
217
150
225
289
333
116
100
100
114
260
305
127
198
215
213
230
199
126
106
87
93
151
192
192
266
393
363
418
374
174
332
176
178
67
67
67
86
93
93
93
97
126
126
125
121
251
236
222
214
194
142
153
106
138
116
158
97
137
209
202
231
227
142
142
142
156
101
101
101
100
138
242
272
332
359
358
335
378
117
117
117
133
212
173
151
151
103
109
122
101
716
732
732
715
748
716
793
241
239
226
205
231
193
128
99
79
170
195
210
161
229
287
249
309
337
227
171
229
158
175
249
225
178
188
171
199
175
179
99
105
99
94
212
202
210
240
208
231
247
240
238
256
266
265
276
285
235
163
127
161
187
218
193
211
230
235
206
196
200
179
173
148
168
144
103
139
158
189
124
291
308
306
329
298
330
248
574
764
633
615
593
170
175
171
177
181
276
280
285
280
183
198
182
186
199
184
207
203
206
255
261
285
267
198
198
198
221
246
208
243
218
229
220
222
225
250
263
100
113
124
119
121
103
245
211
293
172
254
276
293
238
246
143
237
146
152
237
91
146
146
206
190
194
101
246
228
304
228
285
190
236
107
110
278
253
232
232
232
194
184
204
261
207
302
320
207
166
100
125
136
136
151
151
81
103
114
287
190
226
202
345
175
226
90
83
165
111
104
102
96
106
88
117
138
165
230
245
227
227
290
229
240
323
148
282
163
332
274
371
101
95
120
114
234
288
272
242
67
77
77
87
228
263
235
131
131
193
208
256
90
114
72
81
82
76
78
97
94
82
92
96
100
104
93
101
107
111
102
80
76
98
68
86
97
94
81
71
96
89
85
72
88
58
60
83
84
72
75
69
76
78
93
81
98
98
90
112
112
80
69
89
79
104
99
94
99
111
55
96
99
105
72
115
81
91
67
113
117
103
107
99
101
76
57
82
65
74
71
65
90
106
106
106
103
94
92
100
74
94
104
86
102
87
87
103
64
103
95
79
70
81
79
97
79
92
84
109
69
81
108
83
72
50
70
81
76
72
84
81
69
75
92
92
95
103
117
107
112
92
67
63
98
88
72
84
98
88
69
61
66
133
60
170
120
123
100
115
159
133
130
123
99
117
60
101
95
101
87
103
110
129
111
98
107
160
175
153
150
157
65
75
74
84
171
184
181
125
135
94
97
86
130
73
66
113
86
109
80
53
115
91
138
117
105
126
115
75
118
97
124
86
69
91
72
74
56
73
81
75
64
73
61
93
122
93
96
103
75
84
93
118
83
114
63
78
95
99
103
80
87
71
82
84
82
73
71
101
94
77
84
110
88
96
128
110
115
79
69
127
77
79
94
126
83
68
140
80
92
74
63
79
98
81
108
83
75
58
94
52
72
63
67
80
52
107
76
84
91
95
72
95
76
71
105
93
97
94
127
96
94
92
104
93
101
105
142
103
80
116
99
75
84
77
88
56
64
77
57
56
65
66
122
127
118
135
122
169
100
100
126
134
118
119
99
102
75
75
53
68
98
82
94
78
74
86
74
82
98
60
113
84
73
52
80
70
108
132
134
139
106
96
141
134
114
134
89
112
100
125
106
50
52
76
52
62
54
72
105
135
107
136
109
118
122
63
92
86
65
66
75
96
104
100
98
73
47
57
50
105
96
106
90
95
88
62
85
71
67
77
61
55
81
84
87
133
125
136
136
62
89
101
46
79
53
70
56
101
170
184
158
132
183
136
262
88
105
78
137
141
71
63
80
87
100
69
89
87
91
76
72
79
77
90
301
105
162
169
219
80
89
123
147
266
201
266
260
97
152
141
182
208
237
234
251
232
238
141
243
273
226
168
151
80
63
61
98
190
192
252
247
209
122
158
131
319
310
328
285
351
155
394
119
128
70
54
174
110
149
116
148
138
146
138
99
81
103
97
118
155
100
99
176
198
206
196
185
180
243
140
97
173
82
156
58
49
50
53
289
277
251
276
209
173
170
175
150
177
137
261
123
120
99
91
194
114
177
104
174
157
107
129
249
327
259
282
214
232
234
255
243
134
151
128
160
200
152
123
190
192
187
197
248
115
103
106
98
146
285
150
120
150
110
158
106
130
101
60
212
209
236
216
125
219
242
179
158
216
173
168
148
158
145
155
219
192
178
212
176
113
113
114
136
128
104
101
163
166
152
122
125
134
158
170
181
161
158
191
202
278
308
213
226
153
171
131
162
127
182
218
304
222
203
176
201
143
146
210
195
213
310
172
204
111
247
301
153
153
108
256
72
154
136
207
171
171
207
90
111
106
151
92
114
151
143
187
263
322
181
192
182
149
153
136
220
162
179
133
86
160
202
189
383
112
139
150
162
141
170
143
125
105
146
149
300
300
300
300
300
300
300
300
300
300
300
300
300
300
177
231
111
174
153
300
300
300
300
300
300
300
170
177
176
208
195
211
300
300
300
299
300
299
300
300
300
300
300
300
300
300
300
300
300
300
300
240
300
300
300
300
300
300
300
300
300
300
300
300
300
300
300
300
300
300
300
300
300
300
300
300
300
300
300
300
300
300
258
300
300
261
300
300
300
300
300
300
300
300
300
300
300
300
300
300
300
300
300
300
300
300
300
300
300
202
289
259
300
300
300
300
300
300
300
300
300
300
300
300
300
300
300
300
113
300
300
300
300
300
300
300
300
300
300
300
300
300
300
300
300
300
300
300
300
300
300
300
300
300
300
300
300
300
300
300
300
147
161
147
147
136
174
142
132
115
119
136
120
114
111
94
138
170
136
152
127
110
139
120
129
130
130
142
151
126
125
147
110
111
123
124
110
128
123
127
121
132
144
134
156
145
125
127
133
136
134
121
134
124
145
163
130
113
152
122
139
113
109
115
136
124
144
142
137
116
137
145
124
125
125
134
139
119
125
114
128
137
137
138
165
146
142
131
124
129
125
126
123
125
135
128
136
124
131
142
138
127
131
129
136
120
120
122
123
115
131
130
131
180
101
154
144
105
141
151
196
169
151
82
82
34
70
65
65
82
75
84
86
56
100
77
112
67
72
137
107
115
171
170
148
128
131
140
72
81
114
53
120
158
76
63
162
201
169
159
147
186
203
157
168
178
141
147
121
78
138
217
121
165
245
202
143
120
126
140
181
101
150
170
140
286
110
145
150
93
97
80
71
65
120
186
96
80
96
104
62
48
83
62
86
101
95
86
127
99
76
101
99
114
101
97
99
122
87
84
110
87
127
78
68
71
84
114
92
105
149
89
78
166
123
57
75
75
97
194
186
136
130
137
145
119
125
141
143
153
161
95
98
271
139
163
180
211
162
114
155
182
184
176
175
195
195
142
126
121
133
174
113
137
124
147
160
182
157
130
153
142
138
158
149
199
154
157
137
126
140
145
180
181
132
139
143
153
191
170
136
113
88
124
141
166
117
166
173
152
197
163
150
161
166
177
180
144
165
175
175
150
165
175
150
222
140
221
178
114
156
105
139
99
173
120
135
171
147
138
118
136
114
181
197
168
102
163
150
129
140
120
149
144
175
99
92
116
168
146
139
165
149
103
64
100
91
85
102
108
86
99
106
90
69
99
57
95
57
77
69
68
63
83
70
89
57
71
74
74
101
85
111
90
111
121
140
66
79
126
74
77
79
134
116
72
72
69
66
75
136
93
138
70
75
93
71
105
81
84
68
72
81
77
72
112
73
110
71
127
65
86
66
71
86
123
78
82
91
90
101
120
68
118
135
107
152
146
129
109
136
94
74
100
73
96
98
93
151
131
76
111
75
131
86
97
144
109
138
82
88
153
110
86
86
99
82
108
97
97
95
113
80
79
116
111
91
146
113
138
139
133
151
99
89
92
134
229
209
239
256
193
200
354
262
267
329
392
311
384
100
103
100
146
150
108
100
126
143
268
200
182
219
175
283
157
152
134
136
125
129
106
100
139
117
129
128
129
129
140
114
119
299
391
261
262
339
349
351
74
74
74
86
74
74
74
139
149
154
169
182
200
134
149
75
75
75
123
125
126
125
127
155
152
235
178
161
105
150
101
103
101
104
101
103
75
87
80
96
90
142
206
233
213
223
222
243
170
172
132
138
126
112
235
240
344
153
135
138
278
200
250
310
215
350
230
153
160
223
151
124
109
101
100
99
99
172
96
191
74
609
513
140
117
92
121
132
113
180
145
146
252
170
125
122
171
183
345
233
114
96
101
162
118
180
131
157
109
91
127
152
101
127
111
134
141
173
181
171
168
267
117
201
195
258
108
149
145
117
118
109
136
131
132
99
129
102
65
84
90
284
235
98
238
134
157
88
109
216
259
164
231
122
84
125
129
73
125
78
82
156
143
200
155
140
115
97
641
385
201
111
190
149
288
295
229
152
119
121
217
239
134
159
97
110
170
193
146
248
244
275
199
153
100
201
167
149
128
241
290
145
149
158
162
162
77
107
146
161
130
145
128
121
129
158
135
123
110
105
89
83
77
104
101
79
79
100
93
115
149
145
145
150
154
100
105
107
100
97
134
126
175
114
111
121
115
118
107
250
250
99
161
114
125
222
232
187
212
222
207
232
167
151
155
167
155
151
155
183
193
134
126
127
127
150
150
179
92
72
103
133
116
129
167
194
169
116
203
303
102
109
145
138
132
121
127
131
147
264
227
264
264
251
252
261
256
273
253
249
250
261
235
249
201
237
284
205
195
200
141
99
104
107
101
90
118
126
184
153
172
177
173
185
161
276
323
327
212
274
186
218
252
253
254
249
98
143
73
79
74
74
100
111
193
100
126
131
121
224
82
88
74
64
100
124
74
74
90
133
126
112
139
86
109
60
105
101
126
101
101
101
144
150
137
116
126
150
139
124
129
75
75
90
107
94
111
75
86
75
114
111
86
97
105
112
175
116
107
112
167
101
92
250
186
274
274
250
150
250
124
150
150
150
150
94
120
67
65
62
75
150
124
126
124
124
124
139
88
75
150
114
154
150
250
95
105
101
88
105
116
105
105
105
168
182
158
184
90
150
150
205
214
227
150
167
161
152
176
75
101
129
169
118
156
133
133
120
105
182
218
227
60
71
75
75
113
247
154
240
154
194
270
259
211
223
258
211
235
211
239
166
211
183
253
225
121
85
106
89
102
104
89
245
261
229
253
246
261
242
131
160
249
234
138
227
111
111
139
83
87
202
185
202
202
201
166
133
130
150
165
137
136
143
252
180
172
237
231
129
209
142
101
157
149
162
138
182
182
197
159
167
189
197
180
89
135
90
167
179
167
174
225
178
182
91
186
234
238
225
211
227
163
115
120
148
152
157
183
180
177
102
139
131
156
116
198
175
165
209
209
241
197
203
192
191
119
204
187
232
147
139
139
154
181
165
132
134
134
154
207
125
229
150
139
205
193
197
147
161
139
122
92
125
191
128
77
92
101
105
54
54
105
131
124
114
122
175
114
107
159
222
114
112
80
159
88
124
90
71
92
137
152
171
105
94
105
129
75
90
90
105
75
80
69
75
129
144
150
184
144
154
109
105
84
71
126
107
101
250
122
84
112
90
114
94
150
104
105
124
164
111
107
107
120
111
101
120
124
124
124
101
150
158
84
94
75
75
90
105
124
92
88
97
101
67
133
135
82
105
109
133
122
120
124
77
114
82
86
122
156
101
101
129
111
114
90
50
180
184
210
112
184
103
139
107
84
137
129
133
141
176
184
65
109
104
106
140
104
104
120
119
104
106
105
134
108
120
122
128
123
224
250
222
253
287
190
251
67
68
72
76
224
192
187
193
199
201
136
134
133
139
145
144
145
154
155
149
148
196
124
122
127
131
76
79
78
93
73
69
71
81
75
89
157
139
206
195
206
225
129
132
109
117
153
150
154
217
177
205
329
364
176
288
329
221
233
331
266
68
68
72
88
130
126
126
175
124
147
151
154
321
313
304
344
336
331
320
324
312
375
105
103
101
101
154
152
149
108
122
243
241
278
257
307
310
248
320
320
356
315
349
404
337
153
168
180
198
219
199
231
243
270
107
229
111
238
232
263
209
257
252
298
178
231
249
128
201
251
205
278
214
239
104
93
96
117
107
101
99
149
190
189
115
187
175
174
248
127
103
106
165
169
171
217
88
99
105
82
100
101
99
101
99
99
138
249
208
192
130
272
223
133
76
74
75
93
302
250
235
260
258
272
259
243
150
172
260
252
120
286
149
99
155
121
133
149
131
127
129
106
109
115
131
114
135
149
214
135
149
157
183
173
190
371
231
182
149
274
223
255
106
118
119
134
124
100
136
160
158
156
89
155
154
102
179
232
137
137
121
104
153
144
128
108
138
92
183
96
144
144
108
109
132
121
71
74
121
99
108
132
157
105
116
98
123
102
91
80
122
117
123
112
139
142
91
67
96
105
117
117
136
121
96
88
108
72
72
132
72
108
101
92
97
118
80
110
122
100
101
141
134
146
86
91
123
127
91
71
81
64
90
134
142
116
115
72
72
133
118
121
81
61
154
117
106
101
101
91
111
135
138
126
132
108
108
121
136
95
108
156
133
85
101
121
60
74
98
132
73
96
120
85
96
96
192
153
171
169
300
300
313
341
167
164
161
151
131
148
155
78
135
138
158
253
298
273
214
192
145
139
213
206
225
169
112
153
182
248
135
265
273
209
309
198
189
224
291
351
218
213
221
324
281
348
253
361
326
367
391
327
296
283
360
277
265
278
291
265
214
261
229
285
248
282
267
308
230
319
284
291
213
216
229
223
225
224
249
277
283
284
295
267
245
340
331
351
336
362
365
327
260
326
274
295
295
280
281
266
218
282
360
352
240
196
259
361
307
279
308
264
293
308
308
293
286
286
241
271
239
102
98
119
120
171
120
180
132
121
168
180
180
120
185
151
151
151
156
180
192
201
201
127
201
240
240
240
151
151
151
151
180
240
240
240
240
180
180
180
204
216
180
180
180
180
180
180
240
153
151
151
151
240
175
201
170
201
201
240
240
201
201
201
201
201
201
240
240
240
151
151
151
151
240
201
201
201
201
140
204
174
201
201
201
201
153
32
93
93
180
180
180
240
157
171
151
151
151
161
161
161
169
300
311
240
240
240
240
240
240
201
201
201
201
240
240
192
180
191
180
240
240
240
201
175
176
163
163
212
180
171
146
201
167
189
240
240
240
240
240
240
240
240
196
251
151
126
180
201
151
188
151
180
180
180
240
240
240
240
240
240
240
240
91
141
111
101
121
121
118
111
121
121
111
92
81
91
101
92
113
112
105
111
115
106
96
108
114
96
108
96
96
96
101
91
101
101
91
91
91
81
101
101
101
87
101
91
87
85
101
101
101
196
200
173
150
101
91
96
99
91
89
91
99
94
101
86
86
217
215
213
221
221
81
86
87
81
101
91
92
96
92
101
91
90
101
99
99
95
96
108
92
120
85
91
89
93
101
92
98
101
96
101
101
96
78
101
101
88
93
95
92
87
81
82
81
91
101
101
90
94
97
88
97
91
91
97
92
244
251
235
258
259
259
251
256
252
252
256
244
248
249
258
255
247
243
244
240
255
249
255
250
249
261
255
248
248
242
243
243
243
186
248
248
248
233
252
261
266
261
230
245
256
255
249
256
250
256
242
250
257
257
257
249
261
253
216
254
260
273
255
260
254
255
252
244
252
256
240
252
253
259
255
249
255
250
256
244
250
245
262
256
255
265
263
248
251
251
251
260
258
257
253
247
242
242
259
235
265
241
247
228
250
266
261
255
239
94
252
241
152
252
252
86
247
261
260
251
269
260
269
258
245
258
248
234
251
251
258
264
232
252
264
258
264
252
263
252
241
258
269
247
246
261
265
256
255
246
251
256
261
267
266
246
246
235
120
144
139
110
71
111
81
142
146
151
131
61
132
167
123
120
71
88
98
159
81
51
156
163
142
135
77
60
66
90
72
84
96
132
72
116
84
109
136
72
48
72
132
84
147
144
120
132
164
144
81
111
71
61
101
111
131
106
51
51
51
51
51
51
72
60
82
73
86
84
157
132
84
96
170
168
96
61
91
95
96
70
71
91
92
81
101
114
84
61
63
61
61
72
60
60
60
56
88
91
116
164
141
165
136
134
91
128
131
89
124
68
136
81
153
101
132
257
248
251
245
247
253
248
247
247
253
263
249
253
256
276
257
269
260
253
246
249
255
243
241
244
254
260
256
240
257
252
238
256
253
261
246
250
248
247
252
258
260
254
250
244
262
253
248
244
259
248
252
254
253
247
264
235
249
253
247
262
253
253
243
251
235
257
243
265
233
250
274
247
247
250
257
257
254
232
258
251
235
191
198
209
210
251
235
245
239
256
234
236
258
241
249
249
264
246
241
259
259
255
256
232
252
237
254
251
243
251
247
242
260
245
241
253
253
249
249
254
93
91
92
89
89
88
89
63
63
101
94
56
88
85
84
54
78
80
85
81
82
100
81
79
82
71
72
79
73
70
72
66
88
84
84
87
88
80
83
81
80
93
92
89
89
90
90
92
69
68
66
63
64
66
79
80
82
81
95
96
96
96
101
110
98
92
97
80
103
96
60
58
60
82
70
82
82
78
69
66
65
93
94
101
94
92
70
94
97
83
82
84
77
79
78
84
116
114
138
94
93
93
93
128
89
60
84
57
85
85
87
85
92
91
93
88
86
88
87
88
86
87
88
257
268
346
206
448
483
492
500
501
500
510
294
305
294
316
498
528
489
546
480
537
518
621
619
617
613
623
387
378
355
358
366
396
366
388
358
343
403
497
443
526
350
509
356
459
472
501
500
510
510
491
491
598
600
604
570
533
533
495
518
495
510
496
374
403
398
398
403
539
422
482
374
391
296
305
298
306
548
352
488
489
531
496
539
486
507
507
485
529
464
614
599
586
613
575
364
417
447
382
416
599
405
307
293
335
476
458
527
509
510
492
526
476
491
445
525
503
502
490
432
198
209
212
246
189
221
343
310
340
406
242
410
391
411
430
358
384
436
400
408
391
408
391
408
229
192
187
188
201
198
198
214
181
181
163
166
162
187
209
237
181
211
191
185
187
185
181
183
185
151
163
151
155
156
161
151
177
166
159
152
182
156
151
170
156
151
193
194
199
200
190
205
165
157
159
214
175
158
158
161
158
153
154
171
465
368
371
306
381
499
375
375
151
151
153
151
165
160
151
159
158
158
158
313
326
325
303
301
376
310
168
154
174
197
154
151
164
182
167
157
157
155
161
205
151
181
151
184
164
162
151
154
163
179
151
158
192
152
208
194
157
160
187
181
193
188
209
183
196
176
154
172
151
240
156
185
199
204
192
196
188
311
398
352
303
266
240
275
190
233
218
258
201
240
216
244
256
236
212
222
231
226
240
220
247
253
265
263
274
246
218
286
139
109
234
246
192
172
215
161
265
232
203
150
173
178
242
178
174
183
159
206
202
193
235
205
196
199
101
150
220
124
294
235
205
202
175
126
231
191
170
227
251
251
255
175
188
213
186
191
179
215
153
175
192
127
178
261
236
166
182
130
265
192
101
147
106
272
288
255
197
247
264
246
255
232
242
256
249
239
267
246
244
144
141
134
180
258
270
244
251
249
199
270
197
249
199
249
143
178
142
126
153
99
123
110
116
146
116
85
74
90
108
94
109
97
116
141
141
124
116
150
118
111
92
134
132
146
86
81
136
126
123
171
102
82
118
133
150
150
150
150
141
120
96
95
140
101
81
131
114
111
167
107
139
150
150
135
176
139
175
175
126
148
211
119
75
115
123
150
148
127
142
134
157
156
142
152
150
99
111
110
142
133
124
135
135
114
144
126
156
134
124
169
107
128
109
145
92
150
191
114
150
150
150
166
197
200
159
118
115
118
148
141
106
122
165
142
155
149
139
149
166
169
156
151
156
177
163
262
235
226
271
253
262
235
165
168
158
177
254
248
235
252
262
260
248
184
239
255
217
198
254
235
256
266
255
254
262
249
246
246
265
238
251
254
159
171
175
161
193
201
205
205
256
262
251
262
245
266
267
241
256
244
229
259
254
252
263
253
252
248
267
252
253
242
252
252
256
263
262
249
255
255
256
117
97
106
86
255
244
263
253
248
262
254
252
256
249
253
246
254
260
259
248
257
259
239
241
48
47
47
48
267
241
259
253
236
190
204
203
208
201
203
207
203
260
248
192
193
193
176
235
264
246
251
128
127
121
118
149
136
141
93
128
112
119
108
112
93
112
137
89
151
89
93
110
85
105
144
111
117
124
109
144
143
156
148
140
126
106
143
122
78
99
123
97
105
109
135
126
136
102
122
89
102
111
136
139
122
118
107
151
130
118
130
138
90
131
133
151
152
146
107
157
144
163
138
140
168
138
158
99
124
146
130
148
138
138
143
147
140
146
139
132
135
124
141
138
126
138
135
138
146
137
150
153
149
101
137
122
101
134
125
142
115
123
125
118
135
103
109
101
106
127
93
128
119
124
123
128
105
126
142
121
110
158
124
103
105
165
165
148
108
159
128
135
134
121
133
153
141
104
124
109
111
146
122
126
110
124
118
130
127
110
139
103
121
107
141
107
115
101
129
130
130
117
99
113
121
139
105
124
125
136
97
101
113
110
121
140
112
118
126
119
128
140
122
116
139
113
99
104
107
114
110
99
111
103
102
96
61
104
99
91
116
116
103
113
103
121
102
102
98
96
103
91
104
107
110
116
92
114
114
81
101
102
104
101
100
106
102
101
114
101
78
102
118
116
112
139
118
100
100
92
124
127
135
109
126
135
111
116
116
102
125
107
160
160
160
137
165
175
143
137
158
134
116
167
146
125
244
290
304
299
280
306
286
290
305
293
183
100
225
223
123
158
145
108
204
126
274
275
295
218
264
278
288
342
239
221
247
283
191
191
85
82
144
145
148
162
361
355
346
378
197
195
196
129
132
131
134
137
270
238
234
205
206
235
249
269
259
238
105
110
104
99
348
373
135
145
75
71
123
122
127
127
192
188
172
186
337
333
346
390
138
147
364
312
304
301
299
439
155
119
196
69
265
261
235
230
292
236
277
245
292
297
252
251
251
250
252
251
244
261
261
258
258
268
251
226
209
205
216
318
220
210
212
255
255
151
247
255
247
250
253
250
258
247
286
276
146
157
138
176
162
172
173
162
166
205
195
156
211
153
291
176
170
177
163
152
286
306
321
323
296
278
308
302
240
308
329
249
258
302
284
277
320
176
167
167
184
240
261
253
261
303
275
302
280
272
239
255
230
255
197
201
295
298
171
178
272
286
169
168
174
187
199
184
145
145
171
167
208
255
241
245
242
210
206
200
210
213
190
186
198
192
211
186
107
124
142
198
109
157
133
192
115
103
148
158
136
111
148
173
160
222
148
183
116
166
158
125
149
126
150
127
103
124
112
128
128
128
196
108
138
131
169
145
130
114
127
146
155
103
104
245
142
174
195
124
134
96
153
144
125
101
198
143
166
151
159
185
141
167
120
137
152
108
165
145
121
157
118
143
142
134
123
123
181
261
137
150
110
125
134
153
148
110
141
152
126
135
165
168
123
118
122
155
163
170
133
96
134
142
148
133
128
149
133
156
162
121
144
83
133
133
118
107
112
97
78
102
98
107
36
104
115
109
120
126
120
137
124
187
145
112
106
98
98
63
116
112
134
116
171
138
168
131
136
117
126
118
144
106
100
125
92
98
135
120
124
82
127
131
106
163
127
122
119
156
144
123
117
140
112
146
114
201
118
143
135
122
141
103
121
94
108
104
137
123
111
141
136
126
197
110
120
103
161
117
139
97
114
136
175
138
163
125
139
148
123
149
150
202
93
97
104
94
92
115
116
100
100
103
116
223
211
162
143
164
162
144
157
194
166
162
236
176
228
171
105
159
189
207
212
138
143
125
129
129
175
198
173
186
181
161
143
253
225
284
267
167
216
214
414
326
282
307
272
201
214
182
323
282
214
309
299
254
284
314
254
270
145
174
105
227
216
257
205
260
230
222
245
245
163
193
159
112
140
151
179
231
139
317
238
222
237
222
222
254
138
191
214
166
269
201
302
319
202
268
202
176
202
237
265
195
193
133
259
388
365
318
345
318
270
284
232
248
198
240
284
266
197
266
243
197
198
182
197
322
293
249
276
241
215
275
215
232
265
223
257
257
249
243
215
250
242
250
260
267
253
210
180
275
267
340
335
311
238
263
311
239
312
320
320
271
250
244
279
122
180
190
187
359
364
324
320
325
363
334
187
171
181
211
327
346
305
305
320
340
371
301
334
348
393
403
386
377
299
299
319
318
301
311
220
249
249
249
249
249
268
299
304
322
358
354
336
367
312
367
338
344
257
252
290
257
261
228
199
272
255
271
258
232
292
261
284
285
273
285
257
213
265
158
219
244
256
297
300
293
310
292
342
365
337
385
406
436
265
261
283
301
230
146
262
253
275
171
239
251
277
210
233
243
246
308
362
366
350
349
373
388
373
379
362
382
404
351
396
250
240
263
276
268
268
149
295
359
381
384
391
371
391
235
245
283
265
201
233
280
300
330
239
256
253
270
284
268
256
262
252
240
271
239
246
195
138
267
305
267
275
267
289
282
357
381
407
391
409
416
405
437
454
452
411
425
448
443
284
268
216
297
303
295
272
377
368
365
372
386
364
357
258
255
262
254
277
251
270
281
283
297
287
254
279
265
272
293
320
326
323
333
360
412
428
425
429
427
427
467
258
290
256
274
280
294
255
312
320
307
328
241
335
256
287
264
260
277
264
253
276
286
291
294
289
276
288
199
207
187
186
195
246
209
203
207
222
295
297
278
305
302
302
291
174
182
199
183
176
124
294
322
260
300
292
305
266
188
186
210
142
247
298
288
264
267
302
273
250
251
252
253
254
255
180
295
291
295
291
266
252
202
267
262
250
274
258
357
353
365
379
402
411
369
252
301
303
350
364
330
383
253
246
245
199
249
206
219
235
224
249
222
200
188
230
280
294
301
274
389
268
286
320
271
223
200
236
240
123
120
218
152
333
118
222
214
250
205
407
163
278
244
354
116
297
180
390
158
246
394
278
139
242
297
342
293
346
220
373
284
265
380
312
259
323
307
349
367
124
111
216
341
353
150
182
195
195
156
267
150
223
223
254
175
229
467
415
401
328
385
462
307
291
340
261
246
496
144
250
278
418
231
203
263
103
280
233
254
244
231
222
289
401
359
379
437
163
201
99
116
301
348
355
459
272
451
223
203
193
190
233
349
305
269
254
267
252
114
133
103
127
244
335
357
327
250
474
446
265
250
250
250
250
238
250
250
250
250
200
250
250
250
250
250
250
250
250
250
250
250
250
250
250
250
212
250
250
234
250
250
250
250
250
250
250
250
250
250
250
250
250
250
250
250
250
250
250
250
250
250
250
250
250
250
250
250
250
250
250
250
250
250
250
250
250
250
250
250
250
250
250
250
250
250
250
250
250
250
250
250
250
250
300
250
250
250
250
250
250
250
250
250
250
250
250
250
250
250
250
250
250
250
250
250
250
250
250
250
250
250
250
250
250
250
250
250
250
250
250
250
249
250
250
250
250
250
250
250
250
250
250
250
250
250
250
250
250
250
250
250
250
250
250
250
250
250
250
250
250
250
250
250
250
250
250
250
250
250
250
218
221
214
215
225
217
217
210
228
207
228
248
212
205
205
226
212
225
238
238
222
222
222
221
212
220
228
205
209
216
209
215
210
225
225
240
203
217
217
224
211
224
211
224
215
214
221
214
216
215
216
215
217
217
209
232
224
205
215
234
211
226
226
241
240
211
226
225
225
225
225
248
225
215
215
242
243
214
226
201
226
219
219
219
219
217
204
231
217
219
232
213
226
220
213
214
248
232
205
218
206
203
206
216
204
103
141
129
130
250
253
255
268
250
228
355
411
423
422
419
426
421
434
420
422
427
420
415
425
406
414
428
396
436
434
321
151
150
144
144
115
113
386
274
362
385
372
410
246
355
491
569
559
535
598
641
150
150
154
156
154
148
128
374
414
390
399
390
430
473
257
401
398
423
425
436
451
153
189
156
165
474
435
294
270
464
420
485
464
460
487
485
96
103
101
100
441
413
358
413
426
441
467
430
448
429
404
465
453
463
424
487
461
468
453
427
425
418
425
399
423
435
445
483
395
439
417
407
424
409
408
330
383
328
341
338
367
374
256
250
252
252
261
252
394
441
454
447
436
419
460
422
442
455
431
418
417
406
236
223
210
256
248
251
251
255
318
290
298
313
293
313
255
236
254
249
302
297
381
319
320
270
247
260
267
209
206
244
234
251
245
266
251
241
214
396
381
257
245
249
248
257
274
254
261
247
274
233
391
285
281
256
242
266
236
246
270
291
285
291
296
279
310
311
310
238
256
251
282
113
118
208
136
142
234
260
277
294
305
283
305
275
284
298
190
295
216
331
260
253
246
246
281
294
308
288
318
345
318
346
232
256
250
250
287
278
273
314
321
341
321
341
382
186
169
170
178
169
339
509
180
181
181
181
199
176
174
169
176
176
176
169
184
177
176
177
187
178
174
168
173
191
184
201
181
170
176
175
187
174
174
163
173
198
190
190
173
215
181
197
171
180
171
172
171
161
169
172
176
141
168
168
168
167
183
171
183
176
185
167
176
173
182
188
154
204
204
224
204
167
173
170
179
183
174
173
174
170
174
171
170
180
171
196
188
191
178
191
177
192
191
201
175
196
241
209
201
195
118
80
117
101
100
97
108
181
197
222
255
176
227
272
210
218
219
186
255
186
203
216
315
201
267
161
129
154
156
278
260
260
199
221
318
206
190
171
129
155
134
140
231
257
243
301
217
144
176
186
170
177
210
199
185
94
224
86
177
118
115
116
292
159
131
127
136
154
179
165
480
236
222
270
153
210
171
231
268
190
206
247
165
170
232
163
167
106
133
234
163
173
128
114
189
127
111
143
203
69
70
85
84
84
77
80
251
215
149
177
99
128
97
94
94
79
134
115
158
125
139
159
199
88
96
82
108
76
99
97
178
171
199
148
136
143
158
120
102
93
117
111
103
93
396
401
374
357
305
308
504
317
312
312
493
230
242
250
238
298
298
308
298
398
242
250
246
293
301
298
301
308
375
513
435
457
387
669
632
256
249
248
251
248
245
253
329
307
307
302
437
235
251
248
294
346
333
295
307
572
444
467
300
305
305
352
306
304
476
360
361
357
357
252
253
246
292
299
302
202
380
301
490
523
495
508
481
259
256
227
278
307
338
288
394
423
349
309
277
321
379
301
454
490
295
302
301
319
389
433
411
357
422
454
497
247
252
252
355
318
304
297
311
304
357
328
385
167
138
181
157
122
176
131
178
178
208
203
249
141
142
154
138
174
121
108
144
84
87
98
170
98
128
92
93
96
103
104
106
107
101
105
99
142
173
199
102
95
114
91
100
82
73
69
79
93
82
78
81
79
81
86
86
165
197
207
192
132
134
141
144
164
186
202
226
155
164
161
163
111
102
108
104
152
217
197
188
165
177
183
193
106
105
106
144
178
189
187
194
154
192
181
198
92
110
67
79
121
133
48
101
71
231
110
48
55
108
294
138
148
155
300
261
300
198
300
300
300
300
300
300
300
300
300
271
300
300
292
300
300
292
300
300
300
300
300
251
251
251
251
251
251
251
300
300
300
300
300
300
300
173
143
68
100
76
131
294
300
296
300
277
300
300
300
300
289
300
300
300
300
300
300
199
300
300
300
300
300
300
275
300
300
300
300
276
300
300
300
300
150
300
300
300
300
300
300
300
300
300
265
300
300
300
300
300
300
300
284
300
300
300
300
300
300
300
300
300
300
300
289
300
300
300
300
300
300
300
300
255
300
264
300
300
279
300
300
300
300
300
300
300
300
300
300
300
285
263
300
271
300
300
300
300
300
300
300
300
56
53
51
104
63
67
73
79
84
72
63
63
72
91
97
111
130
134
150
150
150
150
85
81
86
68
74
77
78
77
84
84
84
84
84
84
84
84
69
62
66
71
66
59
55
63
74
74
70
72
72
72
51
59
103
98
100
94
105
86
85
90
71
76
33
29
80
81
74
79
72
71
75
71
72
75
76
76
94
88
95
94
90
166
124
102
57
108
67
96
63
61
62
60
71
68
69
70
90
109
111
101
233
213
248
255
240
251
233
225
112
118
112
118
185
270
143
222
101
124
107
239
253
105
263
127
236
245
182
272
184
234
261
223
229
245
198
186
75
109
267
273
243
251
203
261
257
268
256
150
154
175
180
242
259
239
269
240
171
165
200
120
139
258
240
246
229
144
243
283
245
253
253
188
240
279
232
192
257
252
75
77
101
127
171
129
182
235
264
234
233
174
240
124
116
126
139
124
158
124
106
101
152
124
149
101
131
101
101
124
134
124
128
529
535
504
544
464
320
354
300
290
310
344
298
300
300
293
413
412
843
811
839
833
353
344
370
382
328
332
312
308
312
313
558
502
407
418
443
458
398
442
411
428
490
540
480
520
480
500
490
252
246
246
296
418
412
441
403
426
412
426
167
166
167
169
478
490
516
493
491
501
167
157
149
224
186
249
326
306
415
422
403
342
333
333
333
247
248
250
250
252
319
404
308
237
260
418
378
167
169
166
167
446
393
407
402
400
397
404
397
397
400
367
325
408
409
438
408
450
427
406
427
413
420
413
433
324
343
336
332
340
332
458
417
397
417
438
408
438
414
438
391
414
426
427
403
161
170
159
188
152
151
170
151
154
186
153
152
166
152
155
158
155
155
156
160
166
166
175
188
157
152
161
159
189
197
206
197
181
195
179
103
118
184
152
158
154
167
151
154
156
156
151
101
107
158
101
222
134
190
72
77
77
77
89
77
98
84
182
227
217
180
181
226
228
245
228
327
219
161
168
151
151
180
185
195
194
249
188
181
203
204
183
155
171
168
171
164
190
179
157
163
175
151
153
162
170
175
155
159
160
212
152
153
151
166
157
151
151
180
152
163
165
168
157
353
301
227
203
359
374
386
414
408
290
377
481
499
500
499
367
497
262
297
307
294
300
346
326
342
414
426
325
412
307
292
188
274
266
314
345
198
175
198
281
319
304
319
426
395
441
501
492
331
507
439
481
491
272
192
340
368
325
168
250
620
243
440
753
288
833
217
139
116
216
187
178
120
210
292
262
348
375
222
416
778
823
846
845
846
800
823
168
166
135
129
302
362
273
214
170
333
383
255
257
253
366
270
347
160
370
390
204
166
209
168
306
171
123
297
146
113
163
140
179
114
250
216
259
159
200
389
232
146
133
199
417
417
433
337
353
366
167
167
167
167
167
167
167
333
333
333
333
333
333
333
168
168
168
168
168
168
333
333
333
333
333
333
200
200
200
200
200
200
167
167
167
167
167
167
167
167
167
167
167
200
200
200
200
200
167
167
167
167
167
167
168
168
168
168
168
168
167
167
167
167
167
167
200
200
200
200
200
200
200
200
200
187
333
333
333
333
333
333
167
167
167
167
167
167
333
333
333
333
333
168
168
168
168
168
168
168
168
333
333
333
276
167
167
167
167
167
200
200
200
200
200
333
333
333
333
333
168
168
168
168
168
168
168
168
153
333
333
333
268
127
137
130
91
179
193
191
147
179
203
250
98
98
105
106
183
149
157
222
178
191
211
500
507
508
500
521
521
528
181
204
188
279
359
180
251
229
231
265
230
314
386
386
150
146
102
155
153
104
157
159
133
201
135
191
208
291
274
188
278
127
225
182
237
159
146
155
166
151
156
151
185
148
163
170
180
172
168
164
173
207
207
263
222
241
220
209
209
205
197
209
201
233
219
264
227
252
240
261
269
308
310
297
303
303
323
336
297
307
270
290
301
311
161
203
204
214
240
221
272
238
246
280
249
248
257
294
162
174
90
174
205
209
207
299
265
203
254
207
210
201
161
179
185
193
185
285
144
150
99
92
267
124
203
180
210
226
230
161
242
235
60
101
94
90
97
101
101
85
90
73
76
94
71
88
71
85
70
91
66
85
80
77
86
91
73
67
129
129
124
131
124
150
101
101
88
94
86
90
101
79
65
71
81
81
60
78
144
111
105
124
124
101
114
65
72
82
77
84
77
76
56
86
72
96
82
71
84
84
87
79
93
76
89
82
87
79
79
75
67
74
68
79
83
75
72
87
75
70
66
73
82
69
89
66
73
150
63
135
94
75
118
84
203
101
90
86
75
102
135
110
116
79
71
86
157
115
96
84
113
81
126
108
76
102
114
64
75
70
84
54
133
77
84
75
80
111
76
103
110
93
79
86
88
82
202
175
112
168
369
128
111
77
112
300
126
126
126
128
106
145
91
135
103
140
104
160
185
129
150
123
150
146
199
185
172
149
137
109
88
88
108
140
186
91
114
145
95
59
115
99
141
132
126
165
124
94
164
223
128
82
167
167
129
100
111
126
93
190
357
117
112
106
130
84
126
96
131
200
200
126
122
104
156
151
153
148
77
116
123
91
152
115
96
114
112
163
208
171
211
171
152
98
107
111
190
94
89
143
86
166
181
165
141
87
160
100
100
100
152
174
88
101
196
98
240
244
245
252
260
174
175
202
200
177
118
208
110
206
308
230
300
300
230
252
154
200
199
187
279
184
108
278
254
300
300
300
300
300
300
300
236
179
103
85
200
203
198
200
200
200
200
160
192
151
279
312
244
155
195
191
200
233
300
299
299
334
350
329
319
281
220
167
184
229
185
168
168
208
182
192
209
236
204
252
187
207
114
203
205
180
192
200
219
206
349
135
146
200
203
149
184
287
289
159
179
250
245
199
187
177
222
220
354
198
197
236
199
199
206
170
224
256
264
329
109
107
167
262
134
146
161
167
255
201
222
223
105
237
120
418
416
416
416
210
183
210
210
316
316
316
310
251
251
251
251
210
210
210
210
251
251
251
251
199
197
197
203
209
209
209
209
150
149
149
155
155
153
153
164
210
210
210
210
210
210
210
210
210
210
210
210
210
210
210
209
251
249
249
249
210
209
210
210
251
251
251
235
213
213
213
213
251
251
251
251
209
209
209
210
188
186
186
188
210
209
209
209
251
251
251
251
210
209
209
210
307
253
352
334
187
194
126
97
30
127
136
114
187
202
194
232
247
149
141
127
102
186
170
200
211
220
83
153
160
154
167
179
203
92
156
180
244
207
211
198
208
203
215
196
200
189
179
166
209
200
212
203
228
150
312
356
115
216
196
121
210
198
201
167
206
172
198
222
48
198
213
200
263
198
181
200
208
182
175
265
173
176
224
172
80
95
166
177
135
198
226
248
222
248
209
208
203
209
329
322
298
304
166
182
185
167
134
229
188
286
132
180
192
201
891
498
876
699
290
239
238
235
240
239
238
230
230
230
230
359
360
359
360
360
360
234
237
236
239
233
236
251
135
229
92
300
301
301
301
301
360
360
360
301
301
301
301
111
251
251
186
240
240
316
201
201
201
139
301
301
330
238
270
306
301
301
294
301
360
360
251
251
251
251
298
240
239
239
238
240
240
240
599
599
599
599
589
590
592
579
201
308
235
201
201
201
201
300
334
300
301
301
301
301
360
360
360
377
221
293
279
301
300
300
301
301
201
201
239
240
413
414
82
412
240
251
251
260
201
201
201
201
240
240
240
240
240
221
251
251
251
251
353
292
291
109
225
251
137
143
140
153
138
148
132
105
92
118
100
91
121
100
98
96
138
98
70
58
72
70
83
115
94
78
89
79
100
75
137
101
50
65
55
60
86
62
60
146
73
71
70
96
110
87
129
169
125
82
103
92
119
91
146
90
71
119
140
131
115
138
97
77
105
81
94
60
76
75
45
65
98
87
79
77
102
76
140
135
87
86
117
133
100
102
110
79
78
76
86
134
89
128
90
114
99
92
98
84
71
123
80
73
91
93
97
84
90
138
70
183
86
123
123
72
96
70
82
63
71
77
101
90
77
105
84
89
96
104
82
91
116
75
87
94
64
110
98
87
125
207
146
138
236
188
94
159
156
116
113
146
123
196
261
139
113
183
177
77
86
166
122
106
155
78
128
125
162
271
237
216
207
141
197
134
148
119
107
120
137
101
122
158
109
162
161
397
135
95
217
258
167
137
337
226
188
140
157
168
139
139
166
175
103
83
107
195
180
222
214
130
132
207
213
193
147
189
195
128
130
179
188
212
148
169
200
280
276
161
1776
354
395
218
271
126
271
240
250
235
150
129
131
80
184
131
186
139
133
124
163
154
241
155
112
173
263
111
187
277
116
231
251
273
171
255
248
123
126
289
219
226
241
150
72
303
121
228
264
109
261
157
103
247
234
187
145
176
92
61
252
245
245
243
151
124
174
307
317
180
266
135
257
257
120
251
243
264
261
88
107
121
122
128
216
109
126
292
112
261
212
266
244
198
248
148
274
112
87
154
89
247
127
75
171
201
235
301
111
101
231
225
199
325
227
75
225
274
92
154
276
175
302
299
274
250
214
114
250
114
278
252
250
124
135
175
124
299
254
203
220
283
118
213
235
158
94
279
243
168
278
124
126
124
133
113
176
144
132
237
297
277
241
265
265
124
138
264
241
196
213
192
325
337
237
267
249
264
206
256
219
142
255
244
240
126
266
253
190
196
255
150
178
364
251
210
226
210
168
267
204
246
175
126
249
177
205
150
211
155
163
109
127
142
178
158
259
239
251
248
253
248
236
232
250
251
171
193
246
229
124
154
75
118
330
232
174
266
272
243
164
257
246
259
130
186
137
152
75
75
75
75
129
101
113
186
249
247
245
250
111
153
127
176
168
168
168
126
201
135
335
300
335
201
145
145
145
145
126
126
168
168
151
201
201
109
109
109
109
201
201
201
126
126
126
126
151
151
51
126
251
251
201
151
161
151
160
160
160
160
169
126
126
126
126
151
140
250
251
251
231
126
126
126
126
151
251
126
126
126
126
160
160
160
160
113
151
151
151
151
88
88
88
88
201
201
201
126
126
109
109
151
160
168
160
160
335
335
335
248
276
276
276
160
151
151
88
88
151
151
168
168
168
151
201
201
151
201
191
101
157
126
126
126
126
151
126
151
126
126
151
318
318
317
317
156
169
126
163
163
193
225
225
144
118
124
88
105
131
105
210
133
133
190
103
210
141
203
173
220
176
133
186
156
207
175
135
111
169
122
75
101
75
80
86
50
65
63
99
75
77
150
163
118
75
176
207
143
133
97
99
135
171
152
144
86
101
127
150
133
124
131
237
220
186
250
159
94
176
105
75
105
86
176
207
269
254
259
259
233
69
126
75
82
105
201
144
171
169
225
254
216
214
231
259
291
97
150
141
150
116
109
146
75
75
75
56
250
203
205
214
229
250
235
222
227
254
289
127
299
274
225
225
250
259
207
225
280
175
229
231
208
203
216
351
168
168
169
168
176
171
176
171
180
170
175
171
180
180
180
174
169
171
170
169
183
172
179
177
192
177
171
171
169
186
186
168
170
169
173
170
175
172
181
172
189
170
182
170
182
176
176
182
171
202
171
170
170
170
181
181
173
173
177
177
172
199
191
182
190
174
176
182
212
179
170
171
168
180
174
184
173
178
173
170
171
182
171
171
215
215
222
215
231
249
230
267
214
214
221
221
190
182
183
182
77
85
84
90
85
90
86
74
94
74
85
178
94
217
80
62
81
79
97
85
74
146
98
86
97
122
98
130
122
174
165
141
154
165
96
139
211
245
231
245
205
186
204
248
130
122
173
169
144
192
234
210
284
119
180
102
119
132
110
113
120
122
137
335
100
124
112
99
192
125
91
203
235
296
188
94
225
249
367
248
187
92
188
69
69
88
88
81
172
223
121
113
113
91
91
113
180
161
136
186
186
261
75
100
302
293
282
308
303
244
176
253
193
278
260
201
201
177
143
148
150
145
153
164
122
79
173
175
165
141
72
138
131
171
121
172
102
108
104
115
146
154
218
192
223
200
245
218
264
79
132
120
95
74
187
107
103
92
70
281
258
312
228
333
251
273
66
94
82
78
84
90
90
126
84
90
84
119
91
148
110
61
158
121
123
76
71
66
78
61
88
62
97
133
133
106
71
114
105
155
123
110
105
109
67
98
115
96
83
112
94
71
106
100
79
153
111
131
137
89
73
64
85
65
64
64
116
85
146
85
108
84
104
135
114
135
165
102
71
110
79
99
88
99
77
110
107
106
58
141
103
56
103
63
89
149
131
92
117
131
97
104
68
81
71
103
102
80
89
92
55
116
69
89
110
82
69
76
92
87
73
109
55
94
101
71
67
93
86
86
67
88
96
112
121
96
240
240
106
106
201
201
201
201
240
240
201
201
256
201
250
250
250
250
240
151
151
151
151
201
449
449
327
201
401
201
201
240
180
296
217
296
174
201
201
201
238
189
201
201
201
201
240
240
201
151
201
201
306
240
180
180
180
180
180
187
187
187
125
348
229
201
201
151
151
151
151
179
144
171
116
151
180
180
201
251
201
201
201
151
201
151
106
106
106
106
240
240
201
201
251
201
240
201
201
201
201
240
180
240
180
240
180
151
151
151
151
225
225
131
225
131
123
151
151
127
121
142
156
124
144
127
250
250
250
250
250
250
249
249
250
250
247
261
250
250
180
150
250
250
250
250
250
250
250
141
125
126
123
125
129
119
120
124
128
121
129
110
176
250
250
250
250
250
250
188
250
250
250
250
250
250
250
259
259
255
250
250
250
132
108
142
120
130
119
131
143
137
113
140
110
139
111
171
75
75
96
251
229
249
257
257
214
228
264
250
250
250
273
251
241
259
109
125
134
101
133
122
130
115
213
250
250
250
182
190
182
184
195
199
216
141
109
139
111
253
250
250
250
203
138
176
226
195
250
288
224
250
250
250
250
161
160
153
144
146
194
156
196
129
142
150
246
141
124
120
145
122
178
166
107
98
78
79
119
150
73
123
123
111
148
168
167
167
109
147
139
189
129
99
136
190
150
164
195
129
202
122
159
116
166
173
139
121
171
185
109
63
122
198
257
163
168
146
314
302
299
299
325
127
132
135
138
166
190
128
75
167
125
115
99
157
137
100
146
187
158
225
126
241
126
139
124
185
129
165
114
105
186
118
94
95
159
124
155
93
210
154
69
84
122
112
91
102
65
123
95
65
61
76
111
98
109
128
104
66
59
63
94
121
106
121
148
53
87
89
67
86
67
79
119
110
74
117
155
253
82
61
68
189
153
105
89
169
96
135
93
162
116
176
108
74
101
62
116
137
77
73
73
79
105
104
102
67
57
100
84
130
102
142
86
129
96
89
180
106
87
104
124
112
100
153
158
120
101
59
90
80
171
78
57
121
119
112
106
111
111
200
171
200
118
203
261
117
101
121
133
76
101
179
102
240
240
240
180
240
240
240
240
240
240
240
240
215
240
240
93
240
240
210
240
240
240
240
144
134
153
125
240
232
228
94
159
233
240
240
240
201
240
240
228
203
206
240
239
240
240
239
193
240
240
240
240
240
240
240
240
240
201
240
229
240
240
201
240
120
127
117
240
240
216
240
216
240
240
240
118
240
240
240
199
240
240
240
240
240
240
240
240
240
240
240
240
240
240
240
240
240
240
240
240
240
240
240
239
240
240
240
240
240
240
237
240
203
240
240
240
240
240
240
240
240
240
205
88
124
150
188
82
65
62
75
114
116
107
101
94
101
120
95
152
88
90
84
86
76
94
101
133
122
114
107
162
103
94
94
101
84
84
139
150
152
120
129
75
86
112
103
124
92
69
71
79
62
154
162
140
125
120
118
101
122
117
120
106
108
125
95
101
159
105
137
120
130
115
70
62
61
54
114
181
153
150
159
139
177
230
125
130
113
115
116
125
93
114
125
105
121
110
88
86
80
86
73
93
110
106
101
101
89
72
81
150
140
133
112
54
75
93
80
70
143
114
70
61
109
106
68
176
111
154
150
150
143
153
117
61
57
185
71
100
183
216
146
191
100
212
200
131
112
114
124
160
122
94
126
143
148
86
180
98
112
148
109
130
84
190
182
210
188
133
231
111
163
182
120
150
101
111
252
150
94
103
182
161
154
129
105
175
137
105
75
103
129
101
263
167
105
94
158
220
163
101
101
101
169
101
124
111
205
144
101
203
161
222
158
137
99
86
205
227
193
267
124
144
284
274
244
182
235
114
205
286
129
254
118
218
101
131
99
220
101
237
144
295
135
169
214
143
214
109
131
309
201
141
220
304
321
201
186
214
137
216
124
133
250
201
150
301
178
188
161
165
135
118
124
107
222
178
129
105
144
135
133
175
175
187
184
165
193
178
160
189
188
188
166
166
172
195
198
199
205
140
193
177
192
154
178
180
192
179
184
175
180
204
184
187
136
186
177
177
200
189
161
176
190
176
151
190
155
177
178
190
173
211
176
176
172
175
192
181
194
168
178
182
198
199
171
184
178
169
174
176
190
166
190
166
179
177
189
172
162
189
168
184
173
163
205
193
181
213
180
183
163
173
173
178
171
172
182
166
187
202
198
180
168
186
185
194
178
177
167
183
191
190
182
198
212
199
205
172
165
212
218
185
193
193
195
194
175
200
201
200
196
